18	1382
14	82757
25	25
17	7927
66	2390
50	9331
8	249
46	56388
38	112436
21	128065
75	726
40	44938
72	2253
77	1620
80	574
48	6399
78	5237
27	490
84	6539
55	36
91	199
10	3930
62	511
5	10941
13	2264
82	3403
43	44
53	2993
36	140816
29	3
63	37
11	337
68	1348
19	27170
51	6238
54	1
58	4
60	508
49	120
61	1036
39	796
94	113
90	6
12	1
31	15215
37	69633
69	22389
81	8
15	3
24	5580
30	47
2	5
88	14
44	1
34	1
74	9956
67	3478
73	509
16	18969
99	333
32	27
56	165
4	86
3	92
85	2248
79	242
64	1113
70	22262
71	39175
6	23
92	4
86	6
45	2606
47	11264
96	8
7	37584
23	1097
83	733
89	321
1	159
35	314
26	68
59	30
28	1
98	3918
95	16
97	10
65	22
9	733
52	115
20	61910
41	401
42	8538
76	4
